%=======================================================================
% MAT-fem 1.0  - MAT-fem is a learning tool for undestanding 
%                the Finite Element Method with MATLAB and GiD
%=======================================================================
% PROBLEM TITLE = Titulo del problema
%
%  Material Properties
%
  young =   210000000000.00000 ;
  poiss =              0.20000 ;
  denss = 0.00 ;
  pstrs =  1 ;
  thick =              0.10000 ;
%
% Coordinates
%
global coordinates
coordinates = [
         0.00000   ,         5.00000  ;
         1.25000   ,         5.00000  ;
         0.00000   ,         3.75000  ;
         1.25000   ,         3.75000  ;
         2.50000   ,         5.00000  ;
         0.00000   ,         2.50000  ;
         2.50000   ,         3.75000  ;
         1.25000   ,         2.50000  ;
         2.50000   ,         2.50000  ;
         3.75000   ,         5.00000  ;
         0.00000   ,         1.25000  ;
         1.25000   ,         1.25000  ;
         3.75000   ,         3.75000  ;
         2.50000   ,         1.25000  ;
         3.75000   ,         2.50000  ;
         0.00000   ,         0.00000  ;
         5.00000   ,         5.00000  ;
         1.25000   ,         0.00000  ;
         5.00000   ,         3.75000  ;
         3.75000   ,         1.25000  ;
         2.50000   ,         0.00000  ;
         5.00000   ,         2.50000  ;
         3.75000   ,         0.00000  ;
         5.00000   ,         1.25000  ;
         5.00000   ,         0.00000  ] ; 
%
% Elements
%
global elements
elements = [
     18   ,     12   ,     11   ,     16   ; 
     21   ,     14   ,     12   ,     18   ; 
     23   ,     20   ,     14   ,     21   ; 
     25   ,     24   ,     20   ,     23   ; 
     12   ,      8   ,      6   ,     11   ; 
     14   ,      9   ,      8   ,     12   ; 
     20   ,     15   ,      9   ,     14   ; 
     24   ,     22   ,     15   ,     20   ; 
      8   ,      4   ,      3   ,      6   ; 
      9   ,      7   ,      4   ,      8   ; 
     15   ,     13   ,      7   ,      9   ; 
     22   ,     19   ,     13   ,     15   ; 
      4   ,      2   ,      1   ,      3   ; 
      7   ,      5   ,      2   ,      4   ; 
     13   ,     10   ,      5   ,      7   ; 
     19   ,     17   ,     10   ,     13   ] ; 
%
% Fixed Nodes
%
fixnodes = [
     16  , 1 ,    0.00000  ;
     16  , 2 ,    0.00000  ;
     25  , 1 ,    0.00000  ;
     25  , 2 ,    0.00000  ] ;
%
% Point loads
%
pointload = [];
%      1  , 1 ,    0.00000  ;
%      1  , 2 ,   50.00000  ] ;
%
%Uniform Side loads
%
sideload = [];
%      2  ,      1  ,    0.00000  ,   10.00000  ;
%      5  ,      2  ,    0.00000  ,   10.00000  ;
%     10  ,      5  ,    0.00000  ,   10.00000  ;
%     17  ,     10  ,    0.00000  ,   10.00000  ];

