%=======================================================================
% MAT-femcCal 1.0  - MAT-femCal is a learning tool for undestanding 
%                    the Finite Element Method with MATLAB and GiD
%=======================================================================
% PROBLEM TITLE = Titulo del problema
%
%  Material Properties
%
  kx =              2.00000 ;
  ky =              2.00000 ;
 heat=              0.00000 ;
%
% Coordinates
%
global coordinates
coordinates = [
         0.00000   ,         5.00000  ;
         1.25000   ,         5.00000  ;
         0.00000   ,         3.75000  ;
         1.25000   ,         3.75000  ;
         2.50000   ,         5.00000  ;
         0.00000   ,         2.50000  ;
         2.50000   ,         3.75000  ;
         1.25000   ,         2.50000  ;
         2.50000   ,         2.50000  ;
         3.75000   ,         5.00000  ;
         0.00000   ,         1.25000  ;
         1.25000   ,         1.25000  ;
         3.75000   ,         3.75000  ;
         2.50000   ,         1.25000  ;
         3.75000   ,         2.50000  ;
         0.00000   ,         0.00000  ;
         5.00000   ,         5.00000  ;
         1.25000   ,         0.00000  ;
         5.00000   ,         3.75000  ;
         3.75000   ,         1.25000  ;
         2.50000   ,         0.00000  ;
         5.00000   ,         2.50000  ;
         3.75000   ,         0.00000  ;
         5.00000   ,         1.25000  ;
         5.00000   ,         0.00000  ] ; 
%
% Elements
%
global elements
elements = [
     18   ,     12   ,     11   ,     16   ; 
     21   ,     14   ,     12   ,     18   ; 
     23   ,     20   ,     14   ,     21   ; 
     25   ,     24   ,     20   ,     23   ; 
     12   ,      8   ,      6   ,     11   ; 
     14   ,      9   ,      8   ,     12   ; 
     20   ,     15   ,      9   ,     14   ; 
     24   ,     22   ,     15   ,     20   ; 
      8   ,      4   ,      3   ,      6   ; 
      9   ,      7   ,      4   ,      8   ; 
     15   ,     13   ,      7   ,      9   ; 
     22   ,     19   ,     13   ,     15   ; 
      4   ,      2   ,      1   ,      3   ; 
      7   ,      5   ,      2   ,      4   ; 
     13   ,     10   ,      5   ,      7   ; 
     19   ,     17   ,     10   ,     13   ] ; 
%
% Fixed Nodes
%
fixnodes = [
     16  ,     0.00000  ;
     17  ,   100.00000  ;
     18  ,     0.00000  ;
     19  ,   100.00000  ;
     21  ,     0.00000  ;
     22  ,   100.00000  ;
     23  ,     0.00000  ;
     24  ,   100.00000  ;
     25  ,   100.00000  ] ;
%
% Punctual Fluxes
%
pointload = [ ] ;
%
% Side loads
%
sideload = [
     11  ,     16  ,    -2.00000   ;
      6  ,     11  ,    -2.00000   ;
      3  ,      6  ,    -2.00000   ;
      1  ,      3  ,    -2.00000   ;
     17  ,     10  ,     2.00000   ;
     10  ,      5  ,     2.00000   ;
      5  ,      2  ,     2.00000   ;
      2  ,      1  ,     2.00000];

