%=======================================================================
% MAT-femcCal 1.0  - MAT-femCal is a learning tool for undestanding 
%                    the Finite Element Method with MATLAB and GiD
%=======================================================================
% PROBLEM TITLE = Titulo del problema
%
%  Material Properties
%
  kx =              1.00000 ;
  ky =              1.00000 ;
 heat=              0.00000 ;
%
% Coordinates
%
global coordinates
coordinates = [
         0.00000   ,         1.00000  ;
         0.12500   ,         1.00000  ;
         0.00000   ,         0.87500  ;
         0.12500   ,         0.87500  ;
         0.25000   ,         1.00000  ;
         0.00000   ,         0.75000  ;
         0.12500   ,         0.75000  ;
         0.25000   ,         0.87500  ;
         0.25000   ,         0.75000  ;
         0.37500   ,         1.00000  ;
         0.00000   ,         0.62500  ;
         0.12500   ,         0.62500  ;
         0.37500   ,         0.87500  ;
         0.25000   ,         0.62500  ;
         0.37500   ,         0.75000  ;
         0.50000   ,         1.00000  ;
         0.00000   ,         0.50000  ;
         0.12500   ,         0.50000  ;
         0.50000   ,         0.87500  ;
         0.37500   ,         0.62500  ;
         0.25000   ,         0.50000  ;
         0.50000   ,         0.75000  ;
         0.62500   ,         1.00000  ;
         0.00000   ,         0.37500  ;
         0.37500   ,         0.50000  ;
         0.50000   ,         0.62500  ;
         0.12500   ,         0.37500  ;
         0.62500   ,         0.87500  ;
         0.25000   ,         0.37500  ;
         0.62500   ,         0.75000  ;
         0.50000   ,         0.50000  ;
         0.37500   ,         0.37500  ;
         0.62500   ,         0.62500  ;
         0.75000   ,         1.00000  ;
         0.00000   ,         0.25000  ;
         0.12500   ,         0.25000  ;
         0.75000   ,         0.87500  ;
         0.25000   ,         0.25000  ;
         0.75000   ,         0.75000  ;
         0.50000   ,         0.37500  ;
         0.62500   ,         0.50000  ;
         0.37500   ,         0.25000  ;
         0.75000   ,         0.62500  ;
         0.87500   ,         1.00000  ;
         0.00000   ,         0.12500  ;
         0.12500   ,         0.12500  ;
         0.62500   ,         0.37500  ;
         0.87500   ,         0.87500  ;
         0.50000   ,         0.25000  ;
         0.75000   ,         0.50000  ;
         0.25000   ,         0.12500  ;
         0.87500   ,         0.75000  ;
         0.37500   ,         0.12500  ;
         0.87500   ,         0.62500  ;
         0.62500   ,         0.25000  ;
         0.75000   ,         0.37500  ;
         0.00000   ,         0.00000  ;
         1.00000   ,         1.00000  ;
         0.12500   ,         0.00000  ;
         1.00000   ,         0.87500  ;
         0.50000   ,         0.12500  ;
         0.87500   ,         0.50000  ;
         0.25000   ,         0.00000  ;
         1.00000   ,         0.75000  ;
         0.75000   ,         0.25000  ;
         0.37500   ,         0.00000  ;
         1.00000   ,         0.62500  ;
         0.62500   ,         0.12500  ;
         0.87500   ,         0.37500  ;
         0.50000   ,         0.00000  ;
         1.00000   ,         0.50000  ;
         0.75000   ,         0.12500  ;
         0.87500   ,         0.25000  ;
         0.62500   ,         0.00000  ;
         1.00000   ,         0.37500  ;
         0.87500   ,         0.12500  ;
         0.75000   ,         0.00000  ;
         1.00000   ,         0.25000  ;
         0.87500   ,         0.00000  ;
         1.00000   ,         0.12500  ;
         1.00000   ,         0.00000  ] ; 
%
% Elements
%
global elements
elements = [
     59   ,     46   ,     57   ; 
     46   ,     45   ,     57   ; 
     63   ,     51   ,     59   ; 
     51   ,     46   ,     59   ; 
     66   ,     53   ,     63   ; 
     53   ,     51   ,     63   ; 
     70   ,     61   ,     66   ; 
     61   ,     53   ,     66   ; 
     74   ,     68   ,     70   ; 
     68   ,     61   ,     70   ; 
     77   ,     72   ,     74   ; 
     72   ,     68   ,     74   ; 
     79   ,     76   ,     77   ; 
     76   ,     72   ,     77   ; 
     81   ,     80   ,     79   ; 
     80   ,     76   ,     79   ; 
     46   ,     36   ,     45   ; 
     36   ,     35   ,     45   ; 
     51   ,     38   ,     46   ; 
     38   ,     36   ,     46   ; 
     53   ,     42   ,     51   ; 
     42   ,     38   ,     51   ; 
     61   ,     49   ,     53   ; 
     49   ,     42   ,     53   ; 
     68   ,     55   ,     61   ; 
     55   ,     49   ,     61   ; 
     72   ,     65   ,     68   ; 
     65   ,     55   ,     68   ; 
     76   ,     73   ,     72   ; 
     73   ,     65   ,     72   ; 
     80   ,     78   ,     76   ; 
     78   ,     73   ,     76   ; 
     36   ,     27   ,     35   ; 
     27   ,     24   ,     35   ; 
     38   ,     29   ,     36   ; 
     29   ,     27   ,     36   ; 
     42   ,     32   ,     38   ; 
     32   ,     29   ,     38   ; 
     49   ,     40   ,     42   ; 
     40   ,     32   ,     42   ; 
     55   ,     47   ,     49   ; 
     47   ,     40   ,     49   ; 
     65   ,     56   ,     55   ; 
     56   ,     47   ,     55   ; 
     73   ,     69   ,     65   ; 
     69   ,     56   ,     65   ; 
     78   ,     75   ,     73   ; 
     75   ,     69   ,     73   ; 
     27   ,     18   ,     24   ; 
     18   ,     17   ,     24   ; 
     29   ,     21   ,     27   ; 
     21   ,     18   ,     27   ; 
     32   ,     25   ,     29   ; 
     25   ,     21   ,     29   ; 
     40   ,     31   ,     32   ; 
     31   ,     25   ,     32   ; 
     47   ,     41   ,     40   ; 
     41   ,     31   ,     40   ; 
     56   ,     50   ,     47   ; 
     50   ,     41   ,     47   ; 
     69   ,     62   ,     56   ; 
     62   ,     50   ,     56   ; 
     75   ,     71   ,     69   ; 
     71   ,     62   ,     69   ; 
     18   ,     12   ,     17   ; 
     12   ,     11   ,     17   ; 
     21   ,     14   ,     18   ; 
     14   ,     12   ,     18   ; 
     25   ,     20   ,     21   ; 
     20   ,     14   ,     21   ; 
     31   ,     26   ,     25   ; 
     26   ,     20   ,     25   ; 
     41   ,     33   ,     31   ; 
     33   ,     26   ,     31   ; 
     50   ,     43   ,     41   ; 
     43   ,     33   ,     41   ; 
     62   ,     54   ,     50   ; 
     54   ,     43   ,     50   ; 
     71   ,     67   ,     62   ; 
     67   ,     54   ,     62   ; 
     12   ,      7   ,     11   ; 
      7   ,      6   ,     11   ; 
     14   ,      9   ,     12   ; 
      9   ,      7   ,     12   ; 
     20   ,     15   ,     14   ; 
     15   ,      9   ,     14   ; 
     26   ,     22   ,     20   ; 
     22   ,     15   ,     20   ; 
     33   ,     30   ,     26   ; 
     30   ,     22   ,     26   ; 
     43   ,     39   ,     33   ; 
     39   ,     30   ,     33   ; 
     54   ,     52   ,     43   ; 
     52   ,     39   ,     43   ; 
     67   ,     64   ,     54   ; 
     64   ,     52   ,     54   ; 
      7   ,      4   ,      6   ; 
      4   ,      3   ,      6   ; 
      9   ,      8   ,      7   ; 
      8   ,      4   ,      7   ; 
     15   ,     13   ,      9   ; 
     13   ,      8   ,      9   ; 
     22   ,     19   ,     15   ; 
     19   ,     13   ,     15   ; 
     30   ,     28   ,     22   ; 
     28   ,     19   ,     22   ; 
     39   ,     37   ,     30   ; 
     37   ,     28   ,     30   ; 
     52   ,     48   ,     39   ; 
     48   ,     37   ,     39   ; 
     64   ,     60   ,     52   ; 
     60   ,     48   ,     52   ; 
      4   ,      2   ,      3   ; 
      2   ,      1   ,      3   ; 
      8   ,      5   ,      4   ; 
      5   ,      2   ,      4   ; 
     13   ,     10   ,      8   ; 
     10   ,      5   ,      8   ; 
     19   ,     16   ,     13   ; 
     16   ,     10   ,     13   ; 
