%=======================================================================
% MAT-femcCal 1.0  - MAT-femCal is a learning tool for undestanding 
%                    the Finite Element Method with MATLAB and GiD
%=======================================================================
% PROBLEM TITLE = Titulo del problema
%
%  Material Properties
%
  kx =              0.00000 ;
  ky =              0.00000 ;
 heat=              0.00000 ;
%
% Coordinates
%
global coordinates
coordinates = [
         0.00000   ,         1.00000  ;
         0.25000   ,         1.00000  ;
         0.00000   ,         0.75000  ;
         0.25000   ,         0.75000  ;
         0.50000   ,         1.00000  ;
         0.00000   ,         0.50000  ;
         0.25000   ,         0.50000  ;
         0.50000   ,         0.75000  ;
         0.50000   ,         0.50000  ;
         0.75000   ,         1.00000  ;
         0.00000   ,         0.25000  ;
         0.25000   ,         0.25000  ;
         0.75000   ,         0.75000  ;
         0.50000   ,         0.25000  ;
         0.75000   ,         0.50000  ;
         0.00000   ,         0.00000  ;
         1.00000   ,         1.00000  ;
         0.25000   ,         0.00000  ;
         1.00000   ,         0.75000  ;
         0.75000   ,         0.25000  ;
         0.50000   ,         0.00000  ;
         1.00000   ,         0.50000  ;
         0.75000   ,         0.00000  ;
         1.00000   ,         0.25000  ;
         1.00000   ,         0.00000  ] ; 
%
% Elements
%
global elements
elements = [
     18   ,     12   ,     16   ; 
     12   ,     11   ,     16   ; 
     21   ,     14   ,     18   ; 
     14   ,     12   ,     18   ; 
     23   ,     20   ,     21   ; 
     20   ,     14   ,     21   ; 
     25   ,     24   ,     23   ; 
     24   ,     20   ,     23   ; 
     12   ,      7   ,     11   ; 
      7   ,      6   ,     11   ; 
     14   ,      9   ,     12   ; 
      9   ,      7   ,     12   ; 
     20   ,     15   ,     14   ; 
     15   ,      9   ,     14   ; 
     24   ,     22   ,     20   ; 
     22   ,     15   ,     20   ; 
      7   ,      4   ,      6   ; 
      4   ,      3   ,      6   ; 
      9   ,      8   ,      7   ; 
      8   ,      4   ,      7   ; 
     15   ,     13   ,      9   ; 
     13   ,      8   ,      9   ; 
     22   ,     19   ,     15   ; 
     19   ,     13   ,     15   ; 
      4   ,      2   ,      3   ; 
      2   ,      1   ,      3   ; 
      8   ,      5   ,      4   ; 
      5   ,      2   ,      4   ; 
     13   ,     10   ,      8   ; 
     10   ,      5   ,      8   ; 
     19   ,     17   ,     13   ; 
     17   ,     10   ,     13   ] ; 
%
% Fixed Nodes
%
fixnodes = [
      1  ,    50.00000  ;
      3  ,    50.00000  ;
      6  ,    50.00000  ;
     11  ,    50.00000  ;
     16  ,    50.00000  ] ;
%
% Punctual Fluxes
%
pointload = [ ] ;
%
% Side loads
%
sideload = [ ];

