%=======================================================================
% MAT-femcCal 1.0  - MAT-femCal is a learning tool for undestanding 
%                    the Finite Element Method with MATLAB and GiD
%=======================================================================
% PROBLEM TITLE = Titulo del problema
%
%  Material Properties
%
  kx =              2.00000 ;
  ky =              2.00000 ;
 heat=              0.00000 ;
%
% Coordinates
%
global coordinates
coordinates = [
         0.00000   ,         5.00000  ;
         0.00000   ,         3.75000  ;
         1.25000   ,         5.00000  ;
         1.25000   ,         3.75000  ;
         0.00000   ,         2.50000  ;
         2.50000   ,         5.00000  ;
         2.50000   ,         3.75000  ;
         1.25000   ,         2.50000  ;
         2.50000   ,         2.50000  ;
         3.75000   ,         5.00000  ;
         0.00000   ,         1.25000  ;
         1.25000   ,         1.25000  ;
         3.75000   ,         3.75000  ;
         2.50000   ,         1.25000  ;
         3.75000   ,         2.50000  ;
         5.00000   ,         5.00000  ;
         0.00000   ,         0.00000  ;
         1.25000   ,         0.00000  ;
         5.00000   ,         3.75000  ;
         3.75000   ,         1.25000  ;
         5.00000   ,         2.50000  ;
         2.50000   ,         0.00000  ;
         5.00000   ,         1.25000  ;
         3.75000   ,         0.00000  ;
         5.00000   ,         0.00000  ] ; 
%
% Elements
%
global elements
elements = [
     18   ,     12   ,     17   ; 
     12   ,     11   ,     17   ; 
     22   ,     14   ,     18   ; 
     14   ,     12   ,     18   ; 
     24   ,     20   ,     22   ; 
     20   ,     14   ,     22   ; 
     25   ,     23   ,     24   ; 
     23   ,     20   ,     24   ; 
     12   ,      8   ,     11   ; 
      8   ,      5   ,     11   ; 
     14   ,      9   ,     12   ; 
      9   ,      8   ,     12   ; 
     20   ,     15   ,     14   ; 
     15   ,      9   ,     14   ; 
     23   ,     21   ,     20   ; 
     21   ,     15   ,     20   ; 
      8   ,      4   ,      5   ; 
      4   ,      2   ,      5   ; 
      9   ,      7   ,      8   ; 
      7   ,      4   ,      8   ; 
     15   ,     13   ,      9   ; 
     13   ,      7   ,      9   ; 
     21   ,     19   ,     15   ; 
     19   ,     13   ,     15   ; 
      4   ,      3   ,      2   ; 
      3   ,      1   ,      2   ; 
      7   ,      6   ,      4   ; 
      6   ,      3   ,      4   ; 
     13   ,     10   ,      7   ; 
     10   ,      6   ,      7   ; 
     19   ,     16   ,     13   ; 
     16   ,     10   ,     13   ] ; 
%
% Fixed Nodes
%
fixnodes = [
     16  ,   100.00000  ;
     17  ,     0.00000  ;
     18  ,     0.00000  ;
     19  ,   100.00000  ;
     21  ,   100.00000  ;
     22  ,     0.00000  ;
     23  ,   100.00000  ;
     24  ,     0.00000  ;
     25  ,   100.00000  ] ;
%
% Punctual Fluxes
%
pointload = [ ] ;
%
% Side loads
%
sideload = [
     11  ,     17  ,    2.00000   ;
      5  ,     11  ,    2.00000   ;
      2  ,      5  ,    2.00000   ;
      1  ,      2  ,    2.00000  ];

